0.396729749702056
0.384904555476503
0.373431830957539
0.362301070195602
0.351502080388546
0.34102497254775
0.330860152442454
0.320998311814
0.311430419851964
0.302147714924339
0.293141696554226
0.284404117635667
0.275926976881503
0.267702511496329
0.259723190067851
0.251981705670125
0.244470969172363
0.237184102747188
0.230114433572377
0.223255487720346
0.216600984229755
0.210144829353832
0.203881110980126
0.197804093216593
0.191908211139053
0.186188065695203
0.180638418760535
0.175254188341606
0.170030443922294
0.164962401948765
0.160045421449009
0.15527499978296
0.150646768519273
0.146156489435009
0.141800050634561
0.137573462784252
0.133472855459172
0.129494473598903
0.125634674068889
0.121889922324296
0.118256789173317
0.114731947636944
0.111312169902348
0.107994324367065
0.104775372771282
0.101652367415608
0.0986224484617617
0.0956828413137329
0.0928308540769872
0.0900638750934129
0.0873793705497397
0.0847748821572429
0.0822480249006076
0.0797964848538928
0.0774180170615927
0.0751104434828581
0.0728716509969928
0.0706995894684
0.0685922698692055
0.0665477624578405
0.0645641950119132
0.0626397511137541
0.0607726684870625
0.0589612373831327
0.0572037990151805
0.0554987440393387
0.0538445110809274
0.0522395853046526
0.0506824970274217
0.0491718203725065
0.0477061719638214
0.0462842096591204
0.0449046313209536
0.0435661736242574
0.042267610899486
0.0410077540102261
0.0397854492642654
0.0385995773571193
0.0374490523470464
0.0363328206606168
0.0352498601279202
0.034199179046531
0.0331798152733746
0.0321908353436611
0.031231333616081
0.0303004314434797
0.0293972763682522
0.0285210413417186
0.0276709239667698
0.0268461457630851
0.026045951454253
0.0252696082761395
0.0245164053058723
0.0237856528108249
0.0230766816170064
0.0223888424962768
0.0217215055718274
0.0210740597413819
0.0204459121175904
0.0198364874851028
